HDEP 13/04/24 12:33:32.00       5631
CCAD     200    0  1  2  3  4  5  6  7  8  0  0  0  0  0  0  0  0
CNCO   4  4  8  1  0
CRE1 1   1 1  6 6334.700000 7850.000000  4  3 EWGD
CRE2   150.208148  150.208143  150.208148  150.208143
CRE3  1665.401840 1665.401840 1665.401840 1665.401840
PERI 13/04/24 12:33:47.00    1  1    1   -1    1    100 0 0 0 1 EWGD   150.208148  150.208143  150.208148  150.208143
PERI 13/04/24 12:33:48.00    2  1    1   -1    0      0 0 0 1 0 EWGD   150.208148  150.208143  150.208148  150.208143
PERI 13/04/24 12:33:49.00    3  1    1   -1    1    100 0 0 1 1 EWGD   150.208148  150.208143  150.208148  150.208143
PERI 13/04/24 12:33:50.00    4  1    1   -1    0      0 0 1 1 0 EWGD   150.208148  150.208143  150.208148  150.208143
PERI 13/04/24 12:33:51.00    5  1    1   -1    1    100 0 1 1 1 EWGD   150.208148  150.208143  150.208148  150.208143
PERI 13/04/24 12:33:52.00    6  1    1   -1    0      0 0 0 0 0 EWGD   150.208148  150.208143  150.208148  150.208143
PERI 13/04/24 12:33:53.00    7  2    1    1   10    800 0 0 0 1 EWGD   150.208148  150.208143  150.208148  150.208143
PERI 13/04/24 12:35:27.00    8  3    1   -2    1    100 0 0 0 1 EWGD   150.208148  150.208143  150.208148  150.208143
PERI 13/04/24 12:35:28.00    9  3    1   -2    0      0 0 0 1 0 EWGD   150.208148  150.208143  150.208148  150.208143
PERI 13/04/24 12:35:29.00   10  3    1   -2    1    100 0 0 1 1 EWGD   150.208148  150.208143  150.208148  150.208143
PERI 13/04/24 12:35:30.00   11  3    1   -2    0      0 0 1 1 0 EWGD   150.208148  150.208143  150.208148  150.208143
PERI 13/04/24 12:35:31.00   12  3    1   -2    1    100 0 1 1 1 EWGD   150.208148  150.208143  150.208148  150.208143
PERI 13/04/24 12:35:32.00   13  3    1   -2    0      0 0 0 0 0 EWGD   150.208148  150.208143  150.208148  150.208143
PERI 13/04/24 12:35:33.00   14  4    1    2   10    800 0 0 0 1 EWGD   150.208148  150.208143  150.208148  150.208143
PERI 13/04/24 12:37:07.00   15  1    2   -1    1    100 0 0 0 1 EWGD   150.208140  150.208135  150.208140  150.208135
PERI 13/04/24 12:37:08.00   16  1    2   -1    0      0 0 0 1 0 EWGD   150.208140  150.208135  150.208140  150.208135
PERI 13/04/24 12:37:09.00   17  1    2   -1    1    100 0 0 1 1 EWGD   150.208140  150.208135  150.208140  150.208135
PERI 13/04/24 12:37:10.00   18  1    2   -1    0      0 0 1 1 0 EWGD   150.208140  150.208135  150.208140  150.208135
PERI 13/04/24 12:37:11.00   19  1    2   -1    1    100 0 1 1 1 EWGD   150.208140  150.208135  150.208140  150.208135
PERI 13/04/24 12:37:12.00   20  1    2   -1    0      0 0 0 0 0 EWGD   150.208140  150.208135  150.208140  150.208135
PERI 13/04/24 12:37:13.00   21  2    2    1   10    800 0 0 0 1 EWGD   150.208140  150.208135  150.208140  150.208135
PERI 13/04/24 12:38:47.00   22  3    2   -2    1    100 0 0 0 1 EWGD   150.208140  150.208135  150.208140  150.208135
PERI 13/04/24 12:38:48.00   23  3    2   -2    0      0 0 0 1 0 EWGD   150.208140  150.208135  150.208140  150.208135
PERI 13/04/24 12:38:49.00   24  3    2   -2    1    100 0 0 1 1 EWGD   150.208140  150.208135  150.208140  150.208135
PERI 13/04/24 12:38:50.00   25  3    2   -2    0      0 0 1 1 0 EWGD   150.208140  150.208135  150.208140  150.208135
PERI 13/04/24 12:38:51.00   26  3    2   -2    1    100 0 1 1 1 EWGD   150.208140  150.208135  150.208140  150.208135
PERI 13/04/24 12:38:52.00   27  3    2   -2    0      0 0 0 0 0 EWGD   150.208140  150.208135  150.208140  150.208135
PERI 13/04/24 12:38:53.00   28  4    2    2   10    800 0 0 0 1 EWGD   150.208140  150.208135  150.208140  150.208135
PERI 13/04/24 12:40:27.00   29  1    3   -1    1    100 0 0 0 1 EWGD   150.208132  150.208126  150.208132  150.208126
PERI 13/04/24 12:40:28.00   30  1    3   -1    0      0 0 0 1 0 EWGD   150.208132  150.208126  150.208132  150.208126
PERI 13/04/24 12:40:29.00   31  1    3   -1    1    100 0 0 1 1 EWGD   150.208132  150.208126  150.208132  150.208126
PERI 13/04/24 12:40:30.00   32  1    3   -1    0      0 0 1 1 0 EWGD   150.208132  150.208126  150.208132  150.208126
PERI 13/04/24 12:40:31.00   33  1    3   -1    1    100 0 1 1 1 EWGD   150.208132  150.208126  150.208132  150.208126
PERI 13/04/24 12:40:32.00   34  1    3   -1    0      0 0 0 0 0 EWGD   150.208132  150.208126  150.208132  150.208126
PERI 13/04/24 12:40:33.00   35  2    3    1   10    800 0 0 0 1 EWGD   150.208132  150.208126  150.208132  150.208126
PERI 13/04/24 12:42:07.00   36  3    3   -2    1    100 0 0 0 1 EWGD   150.208132  150.208126  150.208132  150.208126
PERI 13/04/24 12:42:08.00   37  3    3   -2    0      0 0 0 1 0 EWGD   150.208132  150.208126  150.208132  150.208126
PERI 13/04/24 12:42:09.00   38  3    3   -2    1    100 0 0 1 1 EWGD   150.208132  150.208126  150.208132  150.208126
PERI 13/04/24 12:42:10.00   39  3    3   -2    0      0 0 1 1 0 EWGD   150.208132  150.208126  150.208132  150.208126
PERI 13/04/24 12:42:11.00   40  3    3   -2    1    100 0 1 1 1 EWGD   150.208132  150.208126  150.208132  150.208126
PERI 13/04/24 12:42:12.00   41  3    3   -2    0      0 0 0 0 0 EWGD   150.208132  150.208126  150.208132  150.208126
PERI 13/04/24 12:42:13.00   42  4    3    2   10    800 0 0 0 1 EWGD   150.208132  150.208126  150.208132  150.208126
HFIN 13/04/24 12:43:33.00
