HDEP 13/04/24 12:45:18.00       5615
CCAD     200    0  1  2  3  4  5  6  7  8  0  0  0  0  0  0  0  0
CNCO   3  4  8  1  0
CRE1 1   1 1  6 6334.700000 7850.000000  4  3 EWGD
CRE2   150.208120  150.208114  150.208120  150.208114
CRE3  1665.401840 1665.401840 1665.401840 1665.401840
PERI 13/04/24 12:45:33.00    1  1    1   -1    1    100 0 0 0 1 EWGD   150.208120  150.208114  150.208120  150.208114
PERI 13/04/24 12:45:34.00    2  1    1   -1    0      0 0 0 1 0 EWGD   150.208120  150.208114  150.208120  150.208114
PERI 13/04/24 12:45:35.00    3  1    1   -1    1    100 0 0 1 1 EWGD   150.208120  150.208114  150.208120  150.208114
PERI 13/04/24 12:45:36.00    4  1    1   -1    0      0 0 1 1 0 EWGD   150.208120  150.208114  150.208120  150.208114
PERI 13/04/24 12:45:37.00    5  1    1   -1    1    100 0 1 1 1 EWGD   150.208120  150.208114  150.208120  150.208114
PERI 13/04/24 12:45:38.00    6  1    1   -1    0      0 0 0 0 0 EWGD   150.208120  150.208114  150.208120  150.208114
PERI 13/04/24 12:45:39.00    7  2    1    1   10    800 0 0 0 1 EWGD   150.208120  150.208114  150.208120  150.208114
PERI 13/04/24 12:47:13.00    8  3    1   -2    1    100 0 0 0 1 EWGD   150.208120  150.208114  150.208120  150.208114
PERI 13/04/24 12:47:14.00    9  3    1   -2    0      0 0 0 1 0 EWGD   150.208120  150.208114  150.208120  150.208114
PERI 13/04/24 12:47:15.00   10  3    1   -2    1    100 0 0 1 1 EWGD   150.208120  150.208114  150.208120  150.208114
PERI 13/04/24 12:47:16.00   11  3    1   -2    0      0 0 1 1 0 EWGD   150.208120  150.208114  150.208120  150.208114
PERI 13/04/24 12:47:17.00   12  3    1   -2    1    100 0 1 1 1 EWGD   150.208120  150.208114  150.208120  150.208114
PERI 13/04/24 12:47:18.00   13  3    1   -2    0      0 0 0 0 0 EWGD   150.208120  150.208114  150.208120  150.208114
PERI 13/04/24 12:47:19.00   14  4    1    2   10    800 0 0 0 1 EWGD   150.208120  150.208114  150.208120  150.208114
PERI 13/04/24 12:48:53.00   15  1    2   -1    1    100 0 0 0 1 EWGD   150.208112  150.208106  150.208112  150.208106
PERI 13/04/24 12:48:54.00   16  1    2   -1    0      0 0 0 1 0 EWGD   150.208112  150.208106  150.208112  150.208106
PERI 13/04/24 12:48:55.00   17  1    2   -1    1    100 0 0 1 1 EWGD   150.208112  150.208106  150.208112  150.208106
PERI 13/04/24 12:48:56.00   18  1    2   -1    0      0 0 1 1 0 EWGD   150.208112  150.208106  150.208112  150.208106
PERI 13/04/24 12:48:57.00   19  1    2   -1    1    100 0 1 1 1 EWGD   150.208112  150.208106  150.208112  150.208106
PERI 13/04/24 12:48:58.00   20  1    2   -1    0      0 0 0 0 0 EWGD   150.208112  150.208106  150.208112  150.208106
PERI 13/04/24 12:48:59.00   21  2    2    1   10    800 0 0 0 1 EWGD   150.208112  150.208106  150.208112  150.208106
PERI 13/04/24 12:50:33.00   22  3    2   -2    1    100 0 0 0 1 EWGD   150.208112  150.208106  150.208112  150.208106
PERI 13/04/24 12:50:34.00   23  3    2   -2    0      0 0 0 1 0 EWGD   150.208112  150.208106  150.208112  150.208106
PERI 13/04/24 12:50:35.00   24  3    2   -2    1    100 0 0 1 1 EWGD   150.208112  150.208106  150.208112  150.208106
PERI 13/04/24 12:50:36.00   25  3    2   -2    0      0 0 1 1 0 EWGD   150.208112  150.208106  150.208112  150.208106
PERI 13/04/24 12:50:37.00   26  3    2   -2    1    100 0 1 1 1 EWGD   150.208112  150.208106  150.208112  150.208106
PERI 13/04/24 12:50:38.00   27  3    2   -2    0      0 0 0 0 0 EWGD   150.208112  150.208106  150.208112  150.208106
PERI 13/04/24 12:50:39.00   28  4    2    2   10    800 0 0 0 1 EWGD   150.208112  150.208106  150.208112  150.208106
PERI 13/04/24 12:52:13.00   29  1    3   -1    1    100 0 0 0 1 EWGD   150.208103  150.208098  150.208103  150.208098
PERI 13/04/24 12:52:14.00   30  1    3   -1    0      0 0 0 1 0 EWGD   150.208103  150.208098  150.208103  150.208098
PERI 13/04/24 12:52:15.00   31  1    3   -1    1    100 0 0 1 1 EWGD   150.208103  150.208098  150.208103  150.208098
PERI 13/04/24 12:52:16.00   32  1    3   -1    0      0 0 1 1 0 EWGD   150.208103  150.208098  150.208103  150.208098
PERI 13/04/24 12:52:17.00   33  1    3   -1    1    100 0 1 1 1 EWGD   150.208103  150.208098  150.208103  150.208098
PERI 13/04/24 12:52:18.00   34  1    3   -1    0      0 0 0 0 0 EWGD   150.208103  150.208098  150.208103  150.208098
PERI 13/04/24 12:52:19.00   35  2    3    1   10    800 0 0 0 1 EWGD   150.208103  150.208098  150.208103  150.208098
PERI 13/04/24 12:53:53.00   36  3    3   -2    1    100 0 0 0 1 EWGD   150.208103  150.208098  150.208103  150.208098
PERI 13/04/24 12:53:54.00   37  3    3   -2    0      0 0 0 1 0 EWGD   150.208103  150.208098  150.208103  150.208098
PERI 13/04/24 12:53:55.00   38  3    3   -2    1    100 0 0 1 1 EWGD   150.208103  150.208098  150.208103  150.208098
PERI 13/04/24 12:53:56.00   39  3    3   -2    0      0 0 1 1 0 EWGD   150.208103  150.208098  150.208103  150.208098
PERI 13/04/24 12:53:57.00   40  3    3   -2    1    100 0 1 1 1 EWGD   150.208103  150.208098  150.208103  150.208098
PERI 13/04/24 12:53:58.00   41  3    3   -2    0      0 0 0 0 0 EWGD   150.208103  150.208098  150.208103  150.208098
PERI 13/04/24 12:53:59.00   42  4    3    2   10    800 0 0 0 1 EWGD   150.208103  150.208098  150.208103  150.208098
HFIN 13/04/24 12:55:19.00
