HDEP 13/04/24 12:56:46.00       5615
CCAD     200    0  1  2  3  4  5  6  7  8  0  0  0  0  0  0  0  0
CNCO   3  4  8  1  0
CRE1 1   1 1  6 6334.700000 7850.000000  4  3 EWGD
CRE2   150.208092  150.208086  150.208092  150.208086
CRE3  1665.401840 1665.401840 1665.401840 1665.401840
PERI 13/04/24 12:57:01.00    1  1    1   -1    1    100 0 0 0 1 EWGD   150.208092  150.208086  150.208092  150.208086
PERI 13/04/24 12:57:02.00    2  1    1   -1    0      0 0 0 1 0 EWGD   150.208092  150.208086  150.208092  150.208086
PERI 13/04/24 12:57:03.00    3  1    1   -1    1    100 0 0 1 1 EWGD   150.208092  150.208086  150.208092  150.208086
PERI 13/04/24 12:57:04.00    4  1    1   -1    0      0 0 1 1 0 EWGD   150.208092  150.208086  150.208092  150.208086
PERI 13/04/24 12:57:05.00    5  1    1   -1    1    100 0 1 1 1 EWGD   150.208092  150.208086  150.208092  150.208086
PERI 13/04/24 12:57:06.00    6  1    1   -1    0      0 0 0 0 0 EWGD   150.208092  150.208086  150.208092  150.208086
PERI 13/04/24 12:57:07.00    7  2    1    1   10    800 0 0 0 1 EWGD   150.208092  150.208086  150.208092  150.208086
PERI 13/04/24 12:58:41.00    8  3    1   -2    1    100 0 0 0 1 EWGD   150.208092  150.208086  150.208092  150.208086
PERI 13/04/24 12:58:42.00    9  3    1   -2    0      0 0 0 1 0 EWGD   150.208092  150.208086  150.208092  150.208086
PERI 13/04/24 12:58:43.00   10  3    1   -2    1    100 0 0 1 1 EWGD   150.208092  150.208086  150.208092  150.208086
PERI 13/04/24 12:58:44.00   11  3    1   -2    0      0 0 1 1 0 EWGD   150.208092  150.208086  150.208092  150.208086
PERI 13/04/24 12:58:45.00   12  3    1   -2    1    100 0 1 1 1 EWGD   150.208092  150.208086  150.208092  150.208086
PERI 13/04/24 12:58:46.00   13  3    1   -2    0      0 0 0 0 0 EWGD   150.208092  150.208086  150.208092  150.208086
PERI 13/04/24 12:58:47.00   14  4    1    2   10    800 0 0 0 1 EWGD   150.208092  150.208086  150.208092  150.208086
PERI 13/04/24 13:00:21.00   15  1    2   -1    1    100 0 0 0 1 EWGD   150.208084  150.208078  150.208084  150.208078
PERI 13/04/24 13:00:22.00   16  1    2   -1    0      0 0 0 1 0 EWGD   150.208084  150.208078  150.208084  150.208078
PERI 13/04/24 13:00:23.00   17  1    2   -1    1    100 0 0 1 1 EWGD   150.208084  150.208078  150.208084  150.208078
PERI 13/04/24 13:00:24.00   18  1    2   -1    0      0 0 1 1 0 EWGD   150.208084  150.208078  150.208084  150.208078
PERI 13/04/24 13:00:25.00   19  1    2   -1    1    100 0 1 1 1 EWGD   150.208084  150.208078  150.208084  150.208078
PERI 13/04/24 13:00:26.00   20  1    2   -1    0      0 0 0 0 0 EWGD   150.208084  150.208078  150.208084  150.208078
PERI 13/04/24 13:00:27.00   21  2    2    1   10    800 0 0 0 1 EWGD   150.208084  150.208078  150.208084  150.208078
PERI 13/04/24 13:02:01.00   22  3    2   -2    1    100 0 0 0 1 EWGD   150.208084  150.208078  150.208084  150.208078
PERI 13/04/24 13:02:02.00   23  3    2   -2    0      0 0 0 1 0 EWGD   150.208084  150.208078  150.208084  150.208078
PERI 13/04/24 13:02:03.00   24  3    2   -2    1    100 0 0 1 1 EWGD   150.208084  150.208078  150.208084  150.208078
PERI 13/04/24 13:02:04.00   25  3    2   -2    0      0 0 1 1 0 EWGD   150.208084  150.208078  150.208084  150.208078
PERI 13/04/24 13:02:05.00   26  3    2   -2    1    100 0 1 1 1 EWGD   150.208084  150.208078  150.208084  150.208078
PERI 13/04/24 13:02:06.00   27  3    2   -2    0      0 0 0 0 0 EWGD   150.208084  150.208078  150.208084  150.208078
PERI 13/04/24 13:02:07.00   28  4    2    2   10    800 0 0 0 1 EWGD   150.208084  150.208078  150.208084  150.208078
PERI 13/04/24 13:03:41.00   29  1    3   -1    1    100 0 0 0 1 EWGD   150.208076  150.208070  150.208076  150.208070
PERI 13/04/24 13:03:42.00   30  1    3   -1    0      0 0 0 1 0 EWGD   150.208076  150.208070  150.208076  150.208070
PERI 13/04/24 13:03:43.00   31  1    3   -1    1    100 0 0 1 1 EWGD   150.208076  150.208070  150.208076  150.208070
PERI 13/04/24 13:03:44.00   32  1    3   -1    0      0 0 1 1 0 EWGD   150.208076  150.208070  150.208076  150.208070
PERI 13/04/24 13:03:45.00   33  1    3   -1    1    100 0 1 1 1 EWGD   150.208076  150.208070  150.208076  150.208070
PERI 13/04/24 13:03:46.00   34  1    3   -1    0      0 0 0 0 0 EWGD   150.208076  150.208070  150.208076  150.208070
PERI 13/04/24 13:03:47.00   35  2    3    1   10    800 0 0 0 1 EWGD   150.208076  150.208070  150.208076  150.208070
PERI 13/04/24 13:05:21.00   36  3    3   -2    1    100 0 0 0 1 EWGD   150.208076  150.208070  150.208076  150.208070
PERI 13/04/24 13:05:22.00   37  3    3   -2    0      0 0 0 1 0 EWGD   150.208076  150.208070  150.208076  150.208070
PERI 13/04/24 13:05:23.00   38  3    3   -2    1    100 0 0 1 1 EWGD   150.208076  150.208070  150.208076  150.208070
PERI 13/04/24 13:05:24.00   39  3    3   -2    0      0 0 1 1 0 EWGD   150.208076  150.208070  150.208076  150.208070
PERI 13/04/24 13:05:25.00   40  3    3   -2    1    100 0 1 1 1 EWGD   150.208076  150.208070  150.208076  150.208070
PERI 13/04/24 13:05:26.00   41  3    3   -2    0      0 0 0 0 0 EWGD   150.208076  150.208070  150.208076  150.208070
PERI 13/04/24 13:05:27.00   42  4    3    2   10    800 0 0 0 1 EWGD   150.208076  150.208070  150.208076  150.208070
HFIN 13/04/24 13:06:47.00
